1		USA	7244184		53629			208440	895
2		Mexico	715457		5408			75439	490
3		Ireland	33995		319			1797	3
4		India 	5901571		85468			93410	1093
5		Turkey	311455		7858			7858	73
6	Egypt	289271	466	16838	22
7	France	703733	10666	32314	105
8		Brazil	4382265		14331		133119	250
9		Germany	281346		1214		9452	8
10		Italy	314861		1523		35894	9
11		Japan	81904		312		1542	3
12		Saudi	332790		576		4755	25
13		Pakistan	305031		747		6415	14
14		Canada	151671		817		9244	10
15		Qatar	125000		350		213	2
